# Part: 1
Dimensions: 5x3x5
 1 0 0 0 0
 1 0 0 0 0
 1 0 0 0 0

 1 1 0 0 0
 1 1 0 0 0
 1 1 0 0 0

 0 1 1 0 0
 0 1 1 0 0
 0 1 1 0 0

 0 0 1 1 0
 0 0 1 1 0
 0 0 1 1 0

 0 0 0 1 1
 0 0 0 1 1
 0 0 0 1 1

# Part: 2
Dimensions: 5x7x3
 0 0 0 0 0
 0 0 1 0 0
 0 0 1 0 0
 0 0 0 0 0
 0 1 0 1 0
 0 1 0 1 0
 0 1 1 1 0

 0 0 1 0 0
 0 0 1 0 0
 0 0 1 0 0
 1 1 1 1 1
 0 1 1 1 0
 0 1 1 1 0
 0 1 1 1 0

 0 0 1 0 0
 0 0 0 0 0
 0 0 0 0 0
 0 0 0 0 0
 0 0 0 0 0
 0 0 0 0 0
 0 0 0 0 0

# Part: 3
Dimensions: 10x4x4
 0 0 0 0 0 0 0 0 0 0
 0 0 0 0 0 0 0 0 0 0
 1 1 1 0 0 0 0 0 0 0
 1 1 1 0 0 0 0 0 0 0

 0 0 0 0 0 0 0 0 0 0
 0 0 0 0 0 0 0 0 0 0
 0 0 1 1 1 0 0 0 0 0
 0 0 1 1 1 0 0 0 0 0

 0 0 0 0 0 0 0 0 0 0
 0 0 0 0 0 0 0 0 0 0
 0 0 0 0 1 1 1 0 0 0
 0 0 0 0 1 1 1 0 0 0

 0 0 0 0 0 0 0 0 1 1
 0 0 0 0 0 0 0 0 1 0
 0 0 0 0 0 0 1 1 1 0
 0 0 0 0 0 0 1 1 1 0

# Part: 4
Dimensions: 6x2x6
 0 0 0 0 0 1
 0 0 0 0 1 1

 0 0 0 0 1 1
 0 0 0 1 1 1

 0 0 0 1 1 0
 0 0 1 1 1 0

 0 0 1 1 0 0
 0 1 1 1 0 0

 0 1 1 0 0 0
 1 1 1 0 0 0

 1 1 0 0 0 0
 1 1 0 0 0 0

# Part: 5
Dimensions: 6x2x5
 1 1 1 0 0 0
 1 1 1 0 0 0

 1 1 1 0 0 0
 1 1 1 0 0 0

 1 1 1 0 0 0
 1 1 1 1 1 1

 0 0 0 0 0 0
 0 0 0 1 1 1

 0 0 0 0 0 0
 0 0 0 1 1 1

# Part: 6
Dimensions: 6x2x4
 1 1 1 0 0 0
 1 1 1 0 0 0

 1 1 1 0 0 0
 1 1 1 1 1 1

 1 1 1 0 0 0
 1 1 1 1 1 1

 0 0 0 0 0 0
 0 0 0 1 1 1

# Part: 7
Dimensions: 6x2x3
 1 1 1 0 0 0
 1 1 1 1 1 1

 1 1 1 0 0 0
 1 1 1 1 1 1

 1 1 1 0 0 0
 1 1 1 1 1 1

# Part: 8
Dimensions: 6x2x4
 0 0 0 0 0 0
 0 0 0 1 1 1

 1 1 1 0 0 0
 1 1 1 1 1 1

 1 1 1 0 0 0
 1 1 1 1 1 1

 1 1 1 0 0 0
 1 1 1 0 0 0

# Part: 9
Dimensions: 6x2x5
 0 0 0 0 0 0
 0 0 0 1 1 1

 0 0 0 0 0 0
 0 0 0 1 1 1

 1 1 1 0 0 0
 1 1 1 1 1 1

 1 1 1 0 0 0
 1 1 1 0 0 0

 1 1 1 0 0 0
 1 1 1 0 0 0

# Part: 10
Dimensions: 6x2x6
 0 0 0 0 0 0
 0 0 0 1 1 1

 0 0 0 0 0 0
 0 0 0 1 1 1

 0 0 0 0 0 0
 0 0 0 1 1 1

 1 1 1 0 0 0
 1 1 1 0 0 0

 1 1 1 0 0 0
 1 1 1 0 0 0

 1 1 1 0 0 0
 1 1 1 0 0 0

# Part: 11
Dimensions: 3x6x2
 0 1 0
 1 1 1
 0 1 0
 0 1 0
 0 0 0
 1 1 1

 1 1 1
 1 1 1
 1 1 1
 1 1 1
 1 1 1
 1 1 1

# Part: 12
Dimensions: 3x5x3
 0 0 0
 1 0 1
 1 0 1
 1 1 1
 1 1 1

 0 0 0
 0 0 0
 1 0 1
 1 0 1
 1 0 1

 0 1 0
 0 1 0
 1 1 1
 1 1 1
 1 1 1

# Part: 13
Dimensions: 3x5x3
 0 0 0
 1 0 1
 1 1 1
 1 1 1
 0 1 0

 0 0 0
 0 0 0
 1 1 1
 1 1 1
 1 1 1

 0 1 0
 0 1 0
 1 1 1
 1 1 1
 0 1 0

# Part: 14
Dimensions: 3x4x3
 0 1 0
 1 1 1
 1 1 1
 0 1 0

 1 1 1
 1 1 1
 1 0 1
 1 1 1

 0 1 0
 1 1 1
 1 1 1
 0 1 0

# Part: 15
Dimensions: 14x7x7
 0 0 0 0 0 0 0 0 0 0 0 0 1 0
 0 0 0 0 0 0 0 0 0 0 0 1 1 1
 0 0 0 0 0 0 0 0 0 0 0 0 0 0
 0 0 0 0 0 0 0 0 0 0 0 0 0 0
 0 0 0 0 0 0 0 0 0 0 0 0 0 0
 0 0 0 0 0 0 0 0 0 0 0 0 0 0
 0 0 0 0 0 0 0 0 0 0 0 0 0 0

 0 0 0 0 0 0 0 0 0 0 0 0 0 0
 0 0 0 0 0 0 0 0 0 0 1 1 0 0
 0 0 0 0 0 0 0 0 0 1 1 0 0 0
 0 0 0 0 0 0 0 0 0 0 0 0 0 0
 0 0 0 0 0 0 0 0 0 0 0 0 0 0
 0 0 0 0 0 0 0 0 0 0 0 0 0 0
 0 0 0 0 0 0 0 0 0 0 0 0 0 0

 0 0 0 0 0 0 0 0 0 0 0 0 0 0
 0 0 0 0 0 0 0 0 0 0 0 0 0 0
 0 0 0 0 0 0 0 1 1 1 0 0 0 0
 0 0 0 0 0 0 0 1 0 0 0 0 0 0
 0 0 0 0 0 0 0 1 0 0 0 0 0 0
 0 0 0 0 0 0 0 0 0 0 0 0 0 0
 0 0 0 0 0 0 0 0 0 0 0 0 0 0

 0 0 0 0 0 0 0 0 0 0 0 0 0 0
 0 0 0 0 0 0 0 0 0 0 0 0 0 0
 0 0 0 0 0 0 0 0 0 0 0 0 0 0
 0 0 0 0 0 0 0 0 0 0 0 0 0 0
 0 0 0 0 0 1 1 1 0 0 0 0 0 0
 0 0 0 0 0 0 0 0 0 0 0 0 0 0
 0 0 0 0 0 0 0 0 0 0 0 0 0 0

 0 0 0 0 0 0 0 0 0 0 0 0 0 0
 0 0 0 0 0 0 0 0 0 0 0 0 0 0
 0 0 0 0 0 0 0 0 0 0 0 0 0 0
 0 0 0 0 0 0 0 0 0 0 0 0 0 0
 0 0 0 0 0 1 0 0 0 0 0 0 0 0
 0 0 0 1 1 1 0 0 0 0 0 0 0 0
 0 0 0 0 0 0 0 0 0 0 0 0 0 0

 0 0 0 0 0 0 0 0 0 0 0 0 0 0
 0 0 0 0 0 0 0 0 0 0 0 0 0 0
 0 0 0 0 0 0 0 0 0 0 0 0 0 0
 0 0 0 0 0 0 0 0 0 0 0 0 0 0
 0 0 0 1 0 0 0 0 0 0 0 0 0 0
 0 1 1 1 0 0 0 0 0 0 0 0 0 0
 0 1 0 0 0 0 0 0 0 0 0 0 0 0

 0 0 0 0 0 0 0 0 0 0 0 0 0 0
 0 0 0 0 0 0 0 0 0 0 0 0 0 0
 0 0 0 0 0 0 0 0 0 0 0 0 0 0
 0 0 0 0 0 0 0 0 0 0 0 0 0 0
 0 0 0 0 0 0 0 0 0 0 0 0 0 0
 0 0 0 0 0 0 0 0 0 0 0 0 0 0
 0 1 0 0 0 0 0 0 0 0 0 0 0 0

# Part: 16
Dimensions: 3x6x2
 0 0 0
 0 1 0
 1 1 1
 1 1 1
 1 1 1
 1 1 1

 0 1 0
 0 1 0
 1 1 1
 1 1 1
 1 1 1
 1 1 1

# Part: 17
Dimensions: 6x6x2
1 1 0 0 0 1
1 0 0 0 0 1
1 1 0 1 0 0
0 0 1 0 0 1 
0 1 1 0 1 1
0 0 1 0 1 1

0 0 0 0 0 1
0 0 0 0 0 1
1 1 1 1 0 0
1 0 0 0 0 0
0 0 0 0 0 1
0 0 0 0 1 1

# Part: 18
Dimensions: 3x4x3
 0 0 0
 1 1 1
 1 1 1
 1 1 1

 0 1 0
 1 1 1
 1 0 1
 1 1 1

 0 0 0
 1 1 1
 1 1 1
 1 1 1

# Part: 19
Dimensions: 5x2x5
 1 0 0 0 0
 1 1 1 1 0

 0 0 0 0 0
 1 1 1 1 1

 0 0 0 0 0
 1 1 1 1 1

 0 0 0 0 0
 1 1 1 1 1

 1 0 0 0 1
 1 1 1 1 1

# Part: 20
Dimensions: 2x7x2
 1 0
 1 1
 1 1
 1 1
 1 1
 1 1
 1 1

 1 1
 1 1
 1 1
 1 1
 1 1
 1 1
 1 1

# Part: 21
Dimensions: 3x3x5
 0 0 0
 0 0 0
 0 1 0

 0 0 0
 0 1 0
 0 1 0

 1 1 1
 1 1 1
 1 1 1

 1 0 1
 1 0 1
 1 0 1

 1 1 1
 1 1 1
 1 1 1

# Part: 22
Dimensions: 3x2x6
 0 0 0
 1 1 1

 1 0 1
 1 1 1

 1 0 1
 1 1 1

 0 0 0
 1 1 1

 1 0 1
 1 1 1

 1 1 1
 1 1 1

# Part: 23
Dimensions: 5x3x3
 0 1 1 1 0
 0 1 0 1 0
 1 1 0 1 1

 0 1 1 1 0
 0 1 0 1 0
 1 1 0 1 1

 0 1 1 1 0
 0 1 0 1 0
 1 1 0 1 1

# Part: 24
Dimensions: 5x3x3
 0 0 0 0 1
 0 0 0 0 0
 1 1 1 1 1

 0 0 0 0 0
 1 0 0 0 1
 1 1 1 1 1

 1 1 1 1 0
 1 1 1 1 1
 1 1 1 1 1

# Part: 25
Dimensions: 6x2x5
 0 0 0 0 0 0
 1 1 1 1 0 0

 1 0 0 0 0 0
 1 1 1 1 1 0

 1 0 0 0 0 0
 1 1 1 1 1 1

 1 0 0 0 0 0
 1 1 1 1 1 0

 0 0 0 0 0 0
 1 1 1 1 0 0

# Part: 26
Dimensions: 7x2x3
 1 0 0 0 0 0 1
 1 1 1 1 1 1 1

 1 0 0 0 0 0 1
 1 1 1 1 1 1 1

 1 0 0 0 0 0 1
 1 1 1 1 1 1 1

# Part: 27
Dimensions: 3x5x3
 0 0 0
 0 0 0
 1 0 0
 1 1 0
 1 1 1

 0 0 0
 1 0 0
 1 1 0
 1 1 1
 1 1 1

 1 0 0
 1 1 0
 1 1 1
 1 1 1
 1 1 1

# Part: 28
Dimensions: 2x8x5
 0 0
 0 0
 0 0
 0 0
 0 0
 0 0
 1 0
 0 0

 0 0
 1 0
 1 0
 1 0
 1 0
 1 0
 1 0
 1 0

 1 0
 1 0
 1 0
 1 1
 1 1
 1 1
 1 0
 1 0
 
 0 0
 1 0
 1 0
 1 0
 1 0
 1 0
 1 0
 1 0

 0 0
 0 0
 0 0
 0 0
 0 0
 0 0
 1 0
 0 0

# Part: 29
Dimensions: 5x3x3
 0 0 1 0 0
 0 1 1 1 0
 1 1 1 1 1

 0 0 1 0 0
 0 1 1 1 0
 1 1 1 1 1

 0 0 1 0 0
 0 1 1 1 0
 1 1 1 1 1

# Part: 30
Dimensions: 5x3x3
 0 0 0 0 0
 0 0 0 0 0
 1 1 1 1 1

 0 0 0 0 0
 1 0 0 0 1
 1 1 1 1 1

 1 1 1 1 1
 1 1 1 1 1
 1 1 1 1 1

# Part: 31
Dimensions: 3x5x3
 0 0 0
 0 0 0
 0 0 0
 1 1 1
 1 1 1

 0 0 0
 0 0 0
 0 0 0
 1 1 1
 1 1 1

 1 1 1
 1 1 1
 1 1 1
 1 1 1
 1 1 1

# Part: 32
Dimensions: 9x4x2
 0 0 0 0 0 0 0 0 0
 0 0 0 0 0 0 0 0 0
 0 0 0 0 0 0 0 0 0
 1 1 1 1 1 1 1 1 1

 0 0 0 0 1 0 0 0 0
 0 0 0 1 1 1 0 0 0
 0 0 1 1 1 1 1 0 0
 1 1 1 1 1 1 1 1 1

# Part: 33
Dimensions: 3x4x3
 1 0 1
 1 1 1
 1 1 1
 0 1 0

 0 0 0
 1 1 1
 1 1 1
 1 1 1

 1 0 1
 1 1 1
 1 1 1
 0 1 1

# Part: 34
Dimensions: 3x4x4
 0 0 0
 0 0 0
 1 1 1
 1 1 1

 0 0 0
 0 0 0
 1 1 1
 1 1 1

 0 0 0
 0 1 0
 1 1 1
 1 1 1

 0 1 0
 0 1 0
 1 1 1
 1 1 1

# Part: 35
Dimensions: 4x5x4
 0 0 0 0
 0 0 0 0
 0 0 0 0
 0 0 0 0
 0 1 1 0

 0 0 0 0
 0 1 1 0
 0 1 1 0
 0 1 1 0
 1 1 1 1

 0 0 1 0
 0 1 1 0
 0 0 0 0
 0 0 0 0
 1 1 1 1

 0 0 0 0
 0 1 1 0
 0 1 1 0
 0 1 1 0
 0 1 1 0

# Part: 36
Dimensions: 14x7x7
 0 0 0 0 0 0 0 0 0 0 0 0 1 0
 0 0 0 0 0 0 0 0 0 0 0 1 1 1
 0 0 0 0 0 0 0 0 0 0 0 0 0 0
 0 0 0 0 0 0 0 0 0 0 0 0 0 0
 0 0 0 0 0 0 0 0 0 0 0 0 0 0
 0 0 0 0 0 0 0 0 0 0 0 0 0 0
 0 0 0 0 0 0 0 0 0 0 0 0 0 0

 0 0 0 0 0 0 0 0 0 0 0 0 0 0
 0 0 0 0 0 0 0 0 0 0 1 1 0 0
 0 0 0 0 0 0 0 0 0 1 1 0 0 0
 0 0 0 0 0 0 0 0 0 0 0 0 0 0
 0 0 0 0 0 0 0 0 0 0 0 0 0 0
 0 0 0 0 0 0 0 0 0 0 0 0 0 0
 0 0 0 0 0 0 0 0 0 0 0 0 0 0

 0 0 0 0 0 0 0 0 0 0 0 0 0 0
 0 0 0 0 0 0 0 0 0 0 0 0 0 0
 0 0 0 0 0 0 0 1 1 1 0 0 0 0
 0 0 0 0 0 0 0 1 0 0 0 0 0 0
 0 0 0 0 0 0 0 1 0 0 0 0 0 0
 0 0 0 0 0 0 0 0 0 0 0 0 0 0
 0 0 0 0 0 0 0 0 0 0 0 0 0 0

 0 0 0 0 0 0 0 0 0 0 0 0 0 0
 0 0 0 0 0 0 0 0 0 0 0 0 0 0
 0 0 0 0 0 0 0 0 0 0 0 0 0 0
 0 0 0 0 0 0 0 0 0 0 0 0 0 0
 0 0 0 0 0 1 1 1 0 0 0 0 0 0
 0 0 0 0 0 0 0 0 0 0 0 0 0 0
 0 0 0 0 0 0 0 0 0 0 0 0 0 0

 0 0 0 0 0 0 0 0 0 0 0 0 0 0
 0 0 0 0 0 0 0 0 0 0 0 0 0 0
 0 0 0 0 0 0 0 0 0 0 0 0 0 0
 0 0 0 0 0 0 0 0 0 0 0 0 0 0
 0 0 0 0 0 1 0 0 0 0 0 0 0 0
 0 0 0 1 1 1 0 0 0 0 0 0 0 0
 0 0 0 0 0 0 0 0 0 0 0 0 0 0

 0 0 0 0 0 0 0 0 0 0 0 0 0 0
 0 0 0 0 0 0 0 0 0 0 0 0 0 0
 0 0 0 0 0 0 0 0 0 0 0 0 0 0
 0 0 0 0 0 0 0 0 0 0 0 0 0 0
 0 0 0 1 0 0 0 0 0 0 0 0 0 0
 0 1 1 1 0 0 0 0 0 0 0 0 0 0
 0 1 0 0 0 0 0 0 0 0 0 0 0 0

 0 0 0 0 0 0 0 0 0 0 0 0 0 0
 0 0 0 0 0 0 0 0 0 0 0 0 0 0
 0 0 0 0 0 0 0 0 0 0 0 0 0 0
 0 0 0 0 0 0 0 0 0 0 0 0 0 0
 0 0 0 0 0 0 0 0 0 0 0 0 0 0
 0 0 0 0 0 0 0 0 0 0 0 0 0 0
 1 1 0 0 0 0 0 0 0 0 0 0 0 0

# Part: 37
Dimensions: 4x3x3
 1 1 0 0
 1 1 1 0
 1 1 1 1

 1 1 0 0
 1 1 1 0
 1 1 1 1

 1 1 0 0
 1 1 1 0
 1 1 1 1

# Part: 38
Dimensions: 3x4x3
 0 0 0
 1 1 1
 1 1 1
 1 1 1

 0 0 0
 1 1 1
 1 0 1
 1 1 1

 0 1 0
 1 1 1
 1 1 1
 1 1 1

# Part: 39
Dimensions: 3x4x3
 0 0 0
 1 1 1
 1 1 1
 1 1 1

 0 0 0
 1 1 1
 1 0 1
 1 1 1

 1 0 0
 1 1 1
 1 1 1
 1 1 1

# Part: 40
Dimensions: 3x4x3
 0 0 0
 1 1 1
 1 1 1
 1 1 1

 0 0 0
 1 1 1
 1 1 1
 1 1 1

 1 0 0
 1 1 1
 1 1 1
 0 1 1

# Part: 41
Dimensions: 3x4x3
 0 0 0
 1 1 1
 1 1 1
 1 1 1

 0 0 0
 1 1 1
 1 1 1
 1 1 1

 0 1 0
 1 1 1
 1 1 1
 1 0 1

# Part: 42
Dimensions: 3x4x3
 0 0 0
 1 1 1
 1 1 1
 1 1 1

 0 0 0
 1 0 1
 1 1 1
 1 1 1

 0 1 0
 1 1 1
 1 1 1
 1 1 1

# Part: 43
Dimensions: 3x5x3
 0 0 0
 0 0 0
 1 1 1
 1 1 1
 1 1 1

 0 0 0
 0 0 0
 1 0 1
 1 0 1
 1 1 1

 0 1 0
 0 1 0
 1 1 1
 1 1 1
 1 1 1

# Part: 44
Dimensions: 3x4x3
 1 0 1
 1 1 1
 1 1 1
 0 1 0

 0 0 0
 1 1 1
 1 1 1
 1 1 1

 1 0 1
 1 1 1
 1 1 1
 0 1 0

# Part: 45
Dimensions: 3x4x3
 0 1 0
 1 1 1
 1 1 1
 0 1 0

 1 0 1
 1 1 1
 1 1 1
 1 1 1

 0 1 0
 1 1 1
 1 1 1
 0 1 0

# Part: 46
Dimensions: 3x5x3
 0 0 0
 0 1 0
 1 1 1
 1 1 1
 0 1 0

 0 1 0
 1 1 1
 1 0 1
 1 0 1
 1 1 1

 0 0 0
 0 1 0
 1 1 1
 1 1 1
 0 1 0

